0 0.483594 0.857422 0.082813 0.046875
0 0.491406 0.795898 0.092188 0.044922
0 0.489844 0.724609 0.089063 0.054688
0 0.49375 0.664062 0.090625 0.046875
0 0.495313 0.453125 0.075 0.042969
0 0.489844 0.391602 0.076563 0.044922
0 0.478125 0.333008 0.078125 0.048828
0 0.476562 0.211914 0.0875 0.048828
0 0.471875 0.143555 0.096875 0.060547
0 0.698438 0.21875 0.078125 0.046875
0 0.711719 0.482422 0.070312 0.042969
0 0.7 0.564453 0.096875 0.054688
0 0.725781 0.880859 0.089063 0.046875
0 0.721875 0.953125 0.08125 0.050781
