0 0.144531 0.731445 0.095313 0.072266
0 0.14375 0.543945 0.078125 0.052734
0 0.148438 0.417969 0.0875 0.050781
0 0.136719 0.227539 0.082813 0.041016
0 0.144531 0.165039 0.076563 0.064453
0 0.157813 0.087891 0.071875 0.039062
0 0.609375 0.033203 0.0875 0.046875
0 0.614844 0.239258 0.092188 0.048828
0 0.611719 0.298828 0.089063 0.046875
0 0.6125 0.363281 0.090625 0.039062
0 0.604688 0.420898 0.078125 0.044922
0 0.607813 0.571289 0.0875 0.052734
0 0.616406 0.625977 0.095313 0.048828
0 0.613281 0.709961 0.085938 0.041016
0 0.836719 0.726562 0.085938 0.050781
1 0.821094 0.660156 0.107813 0.054688
0 0.823438 0.584961 0.0875 0.060547
0 0.842188 0.512695 0.075 0.044922
0 0.845313 0.445312 0.090625 0.050781
1 0.822656 0.139648 0.104688 0.052734
0 0.839063 0.055664 0.0875 0.041016
1 0.634375 0.52832 0.1 0.044922
